$ANSIBLE_VAULT;1.1;AES256
31386461353862626364333338383363306136333636636132373939393332616430393738613361
6336343032343364313339646131623166366462623439310a666261373862623961333864376130
63666434653237376139303235353033373838366538363965646432303930643030363133323132
3434636334653262340a393733343038333133386562323563643335643132623333653235643932
38316539383233626232306361643962353534306630613832373461613861633861346630376433
66616536643964383732623133356238316336646363383737393565633864636639363363633034
64323737663430623061616231616162306130373762376461376539313230663433623233613334
33333839333064643730376539653539363339653035623138326536333062646339626236346162
30363433383863306266356463306262616635643862313864383632366662306564346532366634
39373734306535643236366335656638643466313635613930633434366339396565343337373030
63333635333464376139643838653432326661386562646161363736363163366138613035623538
62386635663436633830663062363565366366333932353563356266616337333237323632303761
64616630396166393935323831353834393430616466353731653938666265356532623533316231
30343733316664616238363630623161363365303537336164663232636339626437356637363964
33353132346231656138343666313231313039663139643035613738636164353464616438643562
31373238333635383930
